  -4.00000000000000     
  -3.96719161248151     
  -3.96719161248151     
  -3.96719161248151     
  -3.96719161248151     
  -3.96719161248151     
  -3.96719161248150     
  -3.90211303259031     
  -3.90211303259031     
  -3.90211303259031     
  -3.90211303259031     
  -3.90211303259031     
  -3.90211303259030     
  -3.86985504468428     
  -3.86985504468428     
  -3.86985504468428     
  -3.86985504468428     
  -3.86985504468427     
  -3.86985504468427     
  -3.77411562951604     
  -3.77411562951604     
  -3.77411562951604     
  -3.77411562951603     
  -3.77411562951603     
  -3.77411562951603     
  -3.77411562951603     
  -3.77411562951603     
  -3.77411562951603     
  -3.77411562951603     
  -3.77411562951603     
  -3.77411562951603     
  -3.71129876796525     
  -3.71129876796525     
  -3.71129876796525     
  -3.71129876796525     
  -3.71129876796525     
  -3.71129876796525     
  -3.61803398874989     
  -3.61803398874989     
  -3.61803398874989     
  -3.61803398874989     
  -3.61803398874989     
  -3.61803398874989     
  -3.58760845684295     
  -3.58760845684295     
  -3.58760845684295     
  -3.58760845684295     
  -3.58760845684295     
  -3.58760845684295     
  -3.58760845684295     
  -3.58760845684295     
  -3.58760845684295     
  -3.58760845684295     
  -3.58760845684295     
  -3.58760845684294     
  -3.49721204095683     
  -3.49721204095683     
  -3.49721204095683     
  -3.49721204095683     
  -3.49721204095683     
  -3.49721204095683     
  -3.40699075472567     
  -3.40699075472567     
  -3.40699075472567     
  -3.40699075472567     
  -3.40699075472567     
  -3.40699075472567     
  -3.40699075472567     
  -3.40699075472567     
  -3.40699075472567     
  -3.40699075472567     
  -3.40699075472567     
  -3.40699075472566     
  -3.34949931290482     
  -3.34949931290482     
  -3.34949931290482     
  -3.34949931290482     
  -3.34949931290482     
  -3.34949931290482     
  -3.34949931290482     
  -3.34949931290482     
  -3.34949931290482     
  -3.34949931290481     
  -3.34949931290481     
  -3.34949931290481     
  -3.23606797749979     
  -3.23606797749979     
  -3.23606797749979     
  -3.23606797749979     
  -3.23606797749979     
  -3.23606797749979     
  -3.17557050458495     
  -3.17557050458495     
  -3.17557050458495     
  -3.17557050458495     
  -3.17557050458494     
  -3.17557050458494     
  -3.14896114174964     
  -3.14896114174964     
  -3.14896114174964     
  -3.14896114174964     
  -3.14896114174964     
  -3.14896114174964     
  -3.14896114174964     
  -3.14896114174964     
  -3.14896114174964     
  -3.14896114174964     
  -3.14896114174964     
  -3.14896114174963     
  -3.06980169191167     
  -3.06980169191167     
  -3.06980169191167     
  -3.06980169191167     
  -3.06980169191167     
  -3.06980169191167     
  -3.06980169191167     
  -3.06980169191167     
  -3.06980169191167     
  -3.06980169191167     
  -3.06980169191167     
  -3.06980169191167     
  -2.94008557092212     
  -2.94008557092212     
  -2.94008557092212     
  -2.94008557092212     
  -2.94008557092212     
  -2.94008557092212     
  -2.90211303259031     
  -2.90211303259031     
  -2.90211303259031     
  -2.90211303259031     
  -2.90211303259031     
  -2.90211303259031     
  -2.90211303259031     
  -2.90211303259031     
  -2.90211303259031     
  -2.90211303259031     
  -2.90211303259031     
  -2.90211303259031     
  -2.85538769106755     
  -2.85538769106755     
  -2.85538769106754     
  -2.85538769106754     
  -2.85538769106754     
  -2.85538769106754     
  -2.85538769106754     
  -2.85538769106754     
  -2.85538769106754     
  -2.85538769106754     
  -2.85538769106754     
  -2.85538769106754     
  -2.76309629324534     
  -2.76309629324534     
  -2.76309629324534     
  -2.76309629324534     
  -2.76309629324534     
  -2.76309629324534     
  -2.76309629324534     
  -2.76309629324534     
  -2.76309629324534     
  -2.76309629324534     
  -2.76309629324534     
  -2.76309629324534     
  -2.62753156369704     
  -2.62753156369703     
  -2.62753156369703     
  -2.62753156369703     
  -2.62753156369703     
  -2.62753156369703     
  -2.61803398874990     
  -2.61803398874990     
  -2.61803398874990     
  -2.61803398874990     
  -2.61803398874989     
  -2.61803398874989     
  -2.59922997590561     
  -2.59922997590561     
  -2.59922997590561     
  -2.59922997590561     
  -2.59922997590561     
  -2.59922997590561     
  -2.59922997590561     
  -2.59922997590561     
  -2.59922997590561     
  -2.59922997590561     
  -2.59922997590561     
  -2.59922997590561     
  -2.54336191842682     
  -2.54336191842682     
  -2.54336191842682     
  -2.54336191842682     
  -2.54336191842682     
  -2.54336191842682     
  -2.54336191842682     
  -2.54336191842682     
  -2.54336191842682     
  -2.54336191842682     
  -2.54336191842682     
  -2.54336191842681     
  -2.45207043191970     
  -2.45207043191970     
  -2.45207043191970     
  -2.45207043191970     
  -2.45207043191970     
  -2.45207043191970     
  -2.45207043191970     
  -2.45207043191970     
  -2.45207043191970     
  -2.45207043191970     
  -2.45207043191970     
  -2.45207043191970     
  -2.32813102610406     
  -2.32813102610406     
  -2.32813102610405     
  -2.32813102610405     
  -2.32813102610405     
  -2.32813102610405     
  -2.30993166087380     
  -2.30993166087380     
  -2.30993166087380     
  -2.30993166087380     
  -2.30993166087380     
  -2.30993166087380     
  -2.30993166087380     
  -2.30993166087380     
  -2.30993166087380     
  -2.30993166087380     
  -2.30993166087380     
  -2.30993166087380     
  -2.28663261393637     
  -2.28663261393637     
  -2.28663261393637     
  -2.28663261393637     
  -2.28663261393637     
  -2.28663261393637     
  -2.28663261393637     
  -2.28663261393637     
  -2.28663261393637     
  -2.28663261393637     
  -2.28663261393637     
  -2.28663261393637     
  -2.24110855753018     
  -2.24110855753018     
  -2.24110855753018     
  -2.24110855753018     
  -2.24110855753018     
  -2.24110855753018     
  -2.24110855753018     
  -2.24110855753018     
  -2.24110855753018     
  -2.24110855753018     
  -2.24110855753018     
  -2.24110855753018     
  -2.17557050458495     
  -2.17557050458495     
  -2.17557050458495     
  -2.17557050458495     
  -2.17557050458495     
  -2.17557050458495     
  -2.17557050458495     
  -2.17557050458495     
  -2.17557050458495     
  -2.17557050458495     
  -2.17557050458494     
  -2.17557050458494     
  -2.09351448770439     
  -2.09351448770439     
  -2.09351448770439     
  -2.09351448770439     
  -2.09351448770439     
  -2.09351448770439     
  -2.00000000000000     
  -2.00000000000000     
  -2.00000000000000     
  -2.00000000000000     
  -2.00000000000000     
  -2.00000000000000     
  -2.00000000000000     
  -2.00000000000000     
  -2.00000000000000     
  -2.00000000000000     
  -2.00000000000000     
  -2.00000000000000     
  -2.00000000000000     
  -2.00000000000000     
  -2.00000000000000     
  -2.00000000000000     
  -2.00000000000000     
  -2.00000000000000     
  -2.00000000000000     
  -2.00000000000000     
  -2.00000000000000     
  -2.00000000000000     
  -2.00000000000000     
  -2.00000000000000     
  -2.00000000000000     
  -2.00000000000000     
  -2.00000000000000     
  -2.00000000000000     
  -2.00000000000000     
  -2.00000000000000     
  -2.00000000000000     
  -2.00000000000000     
  -2.00000000000000     
  -2.00000000000000     
  -2.00000000000000     
  -2.00000000000000     
  -2.00000000000000     
  -2.00000000000000     
  -2.00000000000000     
  -2.00000000000000     
  -2.00000000000000     
  -2.00000000000000     
  -2.00000000000000     
  -2.00000000000000     
  -2.00000000000000     
  -2.00000000000000     
  -2.00000000000000     
  -2.00000000000000     
  -2.00000000000000     
  -2.00000000000000     
  -2.00000000000000     
  -2.00000000000000     
  -2.00000000000000     
  -2.00000000000000     
  -2.00000000000000     
  -2.00000000000000     
  -2.00000000000000     
  -1.90211303259031     
  -1.90211303259031     
  -1.90211303259031     
  -1.90211303259031     
  -1.90211303259031     
  -1.90211303259031     
  -1.80958228935961     
  -1.80958228935961     
  -1.80958228935961     
  -1.80958228935961     
  -1.80958228935961     
  -1.80958228935961     
  -1.80958228935961     
  -1.80958228935961     
  -1.80958228935961     
  -1.80958228935961     
  -1.80958228935961     
  -1.80958228935961     
  -1.73508533625331     
  -1.73508533625331     
  -1.73508533625331     
  -1.73508533625331     
  -1.73508533625331     
  -1.73508533625331     
  -1.73508533625331     
  -1.73508533625331     
  -1.73508533625331     
  -1.73508533625331     
  -1.73508533625331     
  -1.73508533625331     
  -1.69271421138865     
  -1.69271421138865     
  -1.69271421138865     
  -1.69271421138865     
  -1.69271421138865     
  -1.69271421138865     
  -1.69271421138865     
  -1.69271421138865     
  -1.69271421138865     
  -1.69271421138865     
  -1.69271421138865     
  -1.69271421138865     
  -1.61803398874990     
  -1.61803398874989     
  -1.61803398874989     
  -1.61803398874989     
  -1.61803398874989     
  -1.61803398874989     
  -1.45430772243619     
  -1.45430772243619     
  -1.45430772243619     
  -1.45430772243619     
  -1.45430772243619     
  -1.45430772243619     
  -1.45430772243619     
  -1.45430772243619     
  -1.45430772243619     
  -1.45430772243619     
  -1.45430772243619     
  -1.45430772243619     
  -1.38196601125011     
  -1.38196601125011     
  -1.38196601125010     
  -1.38196601125010     
  -1.38196601125010     
  -1.38196601125010     
  -1.17557050458495     
  -1.17557050458495     
  -1.17557050458495     
  -1.17557050458495     
  -1.17557050458495     
  -1.17557050458495     
 -0.824429495415055     
 -0.824429495415055     
 -0.824429495415055     
 -0.824429495415054     
 -0.824429495415053     
 -0.824429495415053     
 -0.618033988749895     
 -0.618033988749895     
 -0.618033988749895     
 -0.618033988749894     
 -0.618033988749894     
 -0.618033988749894     
 -0.545692277563810     
 -0.545692277563810     
 -0.545692277563810     
 -0.545692277563810     
 -0.545692277563809     
 -0.545692277563809     
 -0.545692277563809     
 -0.545692277563809     
 -0.545692277563809     
 -0.545692277563809     
 -0.545692277563809     
 -0.545692277563808     
 -0.381966011250107     
 -0.381966011250105     
 -0.381966011250105     
 -0.381966011250105     
 -0.381966011250105     
 -0.381966011250105     
 -0.307285788611352     
 -0.307285788611351     
 -0.307285788611351     
 -0.307285788611351     
 -0.307285788611351     
 -0.307285788611351     
 -0.307285788611351     
 -0.307285788611351     
 -0.307285788611351     
 -0.307285788611351     
 -0.307285788611350     
 -0.307285788611350     
 -0.264914663746691     
 -0.264914663746691     
 -0.264914663746691     
 -0.264914663746691     
 -0.264914663746690     
 -0.264914663746690     
 -0.264914663746690     
 -0.264914663746690     
 -0.264914663746689     
 -0.264914663746689     
 -0.264914663746689     
 -0.264914663746689     
 -0.190417710640393     
 -0.190417710640392     
 -0.190417710640392     
 -0.190417710640392     
 -0.190417710640392     
 -0.190417710640392     
 -0.190417710640392     
 -0.190417710640392     
 -0.190417710640392     
 -0.190417710640392     
 -0.190417710640391     
 -0.190417710640391     
 -9.788696740969351E-002
 -9.788696740969320E-002
 -9.788696740969280E-002
 -9.788696740969254E-002
 -9.788696740969249E-002
 -9.788696740969136E-002
 -1.714270692373189E-015
 -1.322321400390314E-015
 -1.298176556926672E-015
 -1.189462321141890E-015
 -1.153377024934060E-015
 -1.069266594205509E-015
 -9.473118217261287E-016
 -7.929162280362173E-016
 -7.664222609179224E-016
 -7.110058994193431E-016
 -6.696285147565950E-016
 -6.251303845822501E-016
 -5.820975533619657E-016
 -5.004715766089564E-016
 -4.744422656493074E-016
 -4.185178217217043E-016
 -3.590790950889911E-016
 -2.838727728616808E-016
 -2.834935094887395E-016
 -2.810324698355273E-016
 -2.569507937931189E-016
 -9.965547111727865E-017
 -9.374799206566176E-017
 -8.160193728773974E-017
 -2.615599364535488E-017
 -2.200815447541199E-017
 -7.162866609490229E-018
  5.855772338716992E-017
  7.026058923045411E-017
  9.676111143181046E-017
  9.902163720821604E-017
  1.018965886966550E-016
  1.037924197869750E-016
  1.494697164233280E-016
  2.075829162229285E-016
  2.184669746397104E-016
  2.189601889451494E-016
  2.314795914578889E-016
  2.328059591543614E-016
  3.501639370317210E-016
  4.199556593169445E-016
  4.246403851737791E-016
  4.249517013600214E-016
  5.861482275072064E-016
  6.376188491127360E-016
  6.530281617826827E-016
  7.171738591647359E-016
  7.604468820683367E-016
  7.732475050561380E-016
  8.861013509802217E-016
  9.564014302223184E-016
  9.814417050395416E-016
  1.028963283362706E-015
  1.145211192943759E-015
  1.234375732139083E-015
  1.292114110297710E-015
  1.634341716020726E-015
  9.351448770438546E-002
  9.351448770438568E-002
  9.351448770438583E-002
  9.351448770438596E-002
  9.351448770438602E-002
  9.351448770438622E-002
  0.175570504584945     
  0.175570504584946     
  0.175570504584946     
  0.175570504584946     
  0.175570504584946     
  0.175570504584946     
  0.175570504584946     
  0.175570504584946     
  0.175570504584947     
  0.175570504584947     
  0.175570504584947     
  0.175570504584947     
  0.241108557530178     
  0.241108557530178     
  0.241108557530178     
  0.241108557530178     
  0.241108557530179     
  0.241108557530179     
  0.241108557530179     
  0.241108557530179     
  0.241108557530179     
  0.241108557530179     
  0.241108557530180     
  0.241108557530180     
  0.286632613936372     
  0.286632613936372     
  0.286632613936372     
  0.286632613936373     
  0.286632613936373     
  0.286632613936373     
  0.286632613936373     
  0.286632613936373     
  0.286632613936374     
  0.286632613936374     
  0.286632613936374     
  0.286632613936374     
  0.309931660873795     
  0.309931660873797     
  0.309931660873797     
  0.309931660873798     
  0.309931660873798     
  0.309931660873798     
  0.309931660873798     
  0.309931660873799     
  0.309931660873799     
  0.309931660873799     
  0.309931660873800     
  0.309931660873800     
  0.328131026104054     
  0.328131026104054     
  0.328131026104055     
  0.328131026104055     
  0.328131026104055     
  0.328131026104055     
  0.452070431919698     
  0.452070431919700     
  0.452070431919700     
  0.452070431919700     
  0.452070431919700     
  0.452070431919700     
  0.452070431919701     
  0.452070431919701     
  0.452070431919701     
  0.452070431919701     
  0.452070431919702     
  0.452070431919702     
  0.543361918426816     
  0.543361918426817     
  0.543361918426817     
  0.543361918426817     
  0.543361918426817     
  0.543361918426817     
  0.543361918426817     
  0.543361918426817     
  0.543361918426817     
  0.543361918426817     
  0.543361918426818     
  0.543361918426818     
  0.599229975905607     
  0.599229975905607     
  0.599229975905607     
  0.599229975905608     
  0.599229975905608     
  0.599229975905608     
  0.599229975905608     
  0.599229975905608     
  0.599229975905609     
  0.599229975905609     
  0.599229975905609     
  0.599229975905609     
  0.618033988749893     
  0.618033988749894     
  0.618033988749894     
  0.618033988749894     
  0.618033988749895     
  0.618033988749895     
  0.627531563697031     
  0.627531563697032     
  0.627531563697032     
  0.627531563697032     
  0.627531563697032     
  0.627531563697034     
  0.763096293245341     
  0.763096293245342     
  0.763096293245342     
  0.763096293245342     
  0.763096293245342     
  0.763096293245342     
  0.763096293245342     
  0.763096293245342     
  0.763096293245342     
  0.763096293245343     
  0.763096293245343     
  0.763096293245343     
  0.855387691067542     
  0.855387691067542     
  0.855387691067542     
  0.855387691067543     
  0.855387691067543     
  0.855387691067543     
  0.855387691067543     
  0.855387691067543     
  0.855387691067543     
  0.855387691067544     
  0.855387691067544     
  0.855387691067544     
  0.902113032590306     
  0.902113032590306     
  0.902113032590307     
  0.902113032590307     
  0.902113032590307     
  0.902113032590307     
  0.902113032590307     
  0.902113032590307     
  0.902113032590307     
  0.902113032590307     
  0.902113032590308     
  0.902113032590308     
  0.940085570922120     
  0.940085570922120     
  0.940085570922120     
  0.940085570922121     
  0.940085570922121     
  0.940085570922121     
   1.06980169191167     
   1.06980169191167     
   1.06980169191167     
   1.06980169191167     
   1.06980169191167     
   1.06980169191167     
   1.06980169191167     
   1.06980169191167     
   1.06980169191167     
   1.06980169191167     
   1.06980169191167     
   1.06980169191167     
   1.14896114174963     
   1.14896114174963     
   1.14896114174963     
   1.14896114174963     
   1.14896114174963     
   1.14896114174963     
   1.14896114174964     
   1.14896114174964     
   1.14896114174964     
   1.14896114174964     
   1.14896114174964     
   1.14896114174964     
   1.17557050458495     
   1.17557050458495     
   1.17557050458495     
   1.17557050458495     
   1.17557050458495     
   1.17557050458495     
   1.23606797749979     
   1.23606797749979     
   1.23606797749979     
   1.23606797749979     
   1.23606797749979     
   1.23606797749979     
   1.34949931290481     
   1.34949931290481     
   1.34949931290482     
   1.34949931290482     
   1.34949931290482     
   1.34949931290482     
   1.34949931290482     
   1.34949931290482     
   1.34949931290482     
   1.34949931290482     
   1.34949931290482     
   1.34949931290482     
   1.40699075472567     
   1.40699075472567     
   1.40699075472567     
   1.40699075472567     
   1.40699075472567     
   1.40699075472567     
   1.40699075472567     
   1.40699075472567     
   1.40699075472567     
   1.40699075472567     
   1.40699075472567     
   1.40699075472567     
   1.49721204095683     
   1.49721204095683     
   1.49721204095683     
   1.49721204095683     
   1.49721204095683     
   1.49721204095683     
   1.58760845684295     
   1.58760845684295     
   1.58760845684295     
   1.58760845684295     
   1.58760845684295     
   1.58760845684295     
   1.58760845684295     
   1.58760845684295     
   1.58760845684295     
   1.58760845684295     
   1.58760845684295     
   1.58760845684295     
   1.61803398874989     
   1.61803398874989     
   1.61803398874989     
   1.61803398874989     
   1.61803398874990     
   1.61803398874990     
   1.71129876796525     
   1.71129876796525     
   1.71129876796525     
   1.71129876796525     
   1.71129876796525     
   1.71129876796525     
   1.77411562951603     
   1.77411562951603     
   1.77411562951603     
   1.77411562951603     
   1.77411562951603     
   1.77411562951603     
   1.77411562951603     
   1.77411562951604     
   1.77411562951604     
   1.77411562951604     
   1.77411562951604     
   1.77411562951604     
   1.86985504468427     
   1.86985504468427     
   1.86985504468427     
   1.86985504468427     
   1.86985504468428     
   1.86985504468428     
   1.90211303259031     
   1.90211303259031     
   1.90211303259031     
   1.90211303259031     
   1.90211303259031     
   1.90211303259031     
   1.96719161248151     
   1.96719161248151     
   1.96719161248151     
   1.96719161248151     
   1.96719161248151     
   1.96719161248151     
   1.99999999999999     
   2.00000000000000     
   2.00000000000000     
   2.00000000000000     
   2.00000000000000     
   2.00000000000000     
   2.00000000000000     
   2.00000000000000     
   2.00000000000000     
   2.00000000000000     
   2.00000000000000     
   2.00000000000000     
   2.00000000000000     
   2.00000000000000     
   2.00000000000000     
   2.00000000000000     
   2.00000000000000     
   2.00000000000000     
   2.00000000000000     
   2.00000000000000     
   2.00000000000000     
   2.00000000000000     
   2.00000000000000     
   2.00000000000000     
   2.00000000000000     
   2.00000000000000     
   2.00000000000000     
   2.00000000000000     
   2.00000000000000     
   2.00000000000000     
   2.00000000000000     
   2.00000000000000     
   2.00000000000000     
   2.00000000000000     
   2.00000000000000     
   2.00000000000000     
   2.00000000000000     
   2.00000000000000     
   2.00000000000000     
   2.00000000000000     
   2.00000000000000     
   2.00000000000000     
   2.00000000000000     
   2.00000000000000     
   2.00000000000000     
   2.00000000000000     
   2.00000000000000     
   2.00000000000000     
   2.00000000000000     
   2.00000000000000     
   2.00000000000000     
   2.00000000000000     
   2.00000000000000     
   2.00000000000000     
   2.00000000000000     
   2.00000000000000     
   2.00000000000000     
   2.00000000000000     
   2.00000000000000     
   2.00000000000000     
   2.00000000000000     
   2.00000000000000     
   2.00000000000000     
   2.00000000000000     
   2.00000000000000     
   2.00000000000000     
   2.00000000000000     
   2.00000000000000     
   2.00000000000000     
   2.00000000000000     
   2.00000000000000     
   2.00000000000000     
   2.00000000000000     
   2.00000000000000     
   2.00000000000000     
   2.00000000000000     
   2.00000000000000     
   2.00000000000000     
   2.00000000000000     
   2.00000000000000     
   2.00000000000000     
   2.00000000000000     
   2.00000000000000     
   2.00000000000000     
   2.00000000000000     
   2.00000000000000     
   2.00000000000000     
   2.00000000000000     
   2.00000000000000     
   2.00000000000000     
   2.00000000000000     
   2.00000000000000     
   2.00000000000000     
   2.00000000000000     
   2.00000000000000     
   2.00000000000000     
   2.00000000000000     
   2.00000000000000     
   2.00000000000000     
   2.00000000000000     
   2.00000000000000     
   2.00000000000000     
   2.00000000000000     
   2.00000000000000     
   2.00000000000000     
   2.00000000000000     
   2.00000000000000     
   2.00000000000000     
   2.00000000000000     
   2.00000000000000     
   2.00000000000000     
   2.00000000000000     
   2.00000000000000     
   2.00000000000000     
   2.00000000000000     
   2.00000000000000     
   2.00000000000000     
   2.00000000000000     
   2.00000000000000     
   2.00000000000000     
   2.00000000000000     
   2.00000000000000     
   2.00000000000000     
   2.00000000000000     
   2.00000000000000     
   2.00000000000000     
   2.00000000000000     
   2.00000000000000     
   2.00000000000000     
   2.00000000000000     
   2.00000000000000     
   2.00000000000000     
   2.00000000000000     
   2.00000000000000     
   2.00000000000000     
   2.00000000000000     
   2.00000000000000     
   2.00000000000000     
   2.00000000000000     
   2.00000000000000     
   2.00000000000000     
   2.00000000000000     
   2.00000000000000     
   2.00000000000000     
   2.00000000000000     
   2.00000000000000     
   2.00000000000000     
   2.00000000000000     
   2.00000000000000     
   2.00000000000000     
   2.00000000000000     
   2.00000000000000     
   2.00000000000000     
   2.00000000000000     
   2.00000000000000     
   2.00000000000000     
   2.00000000000000     
   2.00000000000000     
   2.00000000000000     
   2.00000000000000     
   2.00000000000000     
   2.00000000000000     
   2.00000000000000     
   2.00000000000000     
   2.00000000000000     
   2.00000000000000     
   2.00000000000000     
   2.00000000000000     
   2.00000000000000     
   2.00000000000000     
   2.00000000000000     
   2.00000000000000     
   2.00000000000000     
   2.00000000000000     
   2.00000000000000     
   2.00000000000000     
   2.00000000000000     
   2.00000000000000     
   2.00000000000000     
   2.00000000000000     
   2.00000000000000     
   2.00000000000000     
   2.00000000000000     
   2.00000000000000     
   2.00000000000000     
   2.00000000000000     
   2.00000000000000     
   2.00000000000000     
   2.00000000000000     
   2.00000000000000     
   2.00000000000000     
   2.00000000000000     
   2.00000000000000     
   2.00000000000000     
   2.00000000000000     
   2.00000000000000     
   2.00000000000000     
   2.00000000000000     
   2.00000000000000     
   2.00000000000000     
   2.00000000000000     
   2.00000000000000     
   2.00000000000000     
   2.00000000000000     
   2.00000000000000     
   2.00000000000000     
   2.00000000000000     
   2.00000000000000     
   2.00000000000000     
   2.00000000000000     
   2.00000000000000     
   2.00000000000000     
   2.00000000000000     
   2.00000000000000     
   2.00000000000000     
   2.00000000000000     
   2.00000000000000     
   2.00000000000000     
   2.00000000000000     
   2.00000000000000     
   2.00000000000000     
   2.00000000000000     
   2.00000000000000     
   2.00000000000000     
   2.00000000000000     
   2.00000000000000     
   2.00000000000000     
   2.00000000000000     
   2.00000000000000     
   2.00000000000000     
   2.00000000000000     
   2.00000000000000     
   2.00000000000000     
   2.00000000000000     
   2.00000000000000     
   2.00000000000000     
   2.00000000000000     
   2.00000000000000     
   2.00000000000000     
   2.00000000000000     
   2.00000000000000     
   2.00000000000000     
   2.00000000000000     
   2.00000000000000     
   2.00000000000000     
   2.00000000000000     
   2.00000000000000     
   2.00000000000000     
   2.00000000000000     
   2.00000000000000     
   2.00000000000000     
   2.00000000000000     
   2.00000000000000     
   2.00000000000000     
   2.00000000000000     
   2.00000000000000     
   2.00000000000000     
   2.00000000000000     
   2.00000000000000     
   2.00000000000000     
   2.00000000000000     
   2.00000000000000     
   2.00000000000000     
   2.00000000000000     
   2.00000000000000     
   2.00000000000000     
   2.00000000000000     
   2.00000000000000     
   2.00000000000000     
   2.00000000000000     
   2.00000000000000     
   2.00000000000000     
   2.00000000000000     
   2.00000000000000     
   2.00000000000000     
   2.00000000000000     
   2.00000000000000     
   2.00000000000000     
   2.00000000000000     
   2.00000000000000     
   2.00000000000000     
   2.00000000000000     
   2.00000000000000     
   2.00000000000000     
   2.00000000000000     
   2.00000000000000     
   2.00000000000000     
   2.00000000000000     
   2.00000000000000     
   2.00000000000000     
   2.00000000000000     
   2.00000000000000     
   2.00000000000000     
   2.00000000000000     
   2.00000000000000     
   2.00000000000000     
   2.00000000000000     
   2.00000000000000     
   2.00000000000000     
   2.00000000000000     
   2.00000000000000     
   2.00000000000000     
   2.00000000000000     
   2.00000000000000     
   2.00000000000000     
   2.00000000000000     
   2.00000000000000     
   2.00000000000000     
   2.00000000000000     
   2.00000000000000     
   2.00000000000000     
   2.00000000000000     
   2.00000000000000     
   2.00000000000000     
   2.00000000000000     
   2.00000000000000     
   2.00000000000000     
   2.00000000000000     
   2.00000000000000     
   2.00000000000000     
   2.00000000000000     
   2.00000000000000     
   2.00000000000000     
   2.00000000000000     
   2.00000000000000     
   2.00000000000000     
   2.00000000000000     
   2.00000000000000     
   2.00000000000000     
   2.00000000000000     
   2.00000000000000     
   2.00000000000000     
   2.00000000000000     
   2.00000000000000     
   2.00000000000000     
   2.00000000000000     
   2.00000000000000     
   2.00000000000000     
   2.00000000000000     
   2.00000000000000     
   2.00000000000000     
   2.00000000000000     
   2.00000000000000     
   2.00000000000000     
   2.00000000000000     
   2.00000000000000     
   2.00000000000000     
   2.00000000000000     
   2.00000000000000     
   2.00000000000000     
   2.00000000000000     
   2.00000000000000     
   2.00000000000000     
   2.00000000000000     
   2.00000000000000     
   2.00000000000000     
   2.00000000000000     
   2.00000000000000     
   2.00000000000000     
   2.00000000000000     
   2.00000000000000     
   2.00000000000000     
   2.00000000000000     
   2.00000000000000     
   2.00000000000000     
   2.00000000000000     
   2.00000000000000     
   2.00000000000000     
   2.00000000000000     
   2.00000000000000     
   2.00000000000000     
   2.00000000000000     
   2.00000000000000     
   2.00000000000000     
   2.00000000000000     
   2.00000000000000     
   2.00000000000000     
   2.00000000000000     
   2.00000000000000     
   2.00000000000000     
   2.00000000000000     
   2.00000000000000     
   2.00000000000000     
   2.00000000000000     
   2.00000000000000     
   2.00000000000000     
   2.00000000000000     
   2.00000000000000     
   2.00000000000000     
   2.00000000000000     
   2.00000000000000     
   2.00000000000000     
   2.00000000000000     
   2.00000000000000     
   2.00000000000000     
   2.00000000000000     
   2.00000000000000     
   2.00000000000000     
   2.00000000000000     
   2.00000000000000     
   2.00000000000000     
